0,0,0,0,0,0,0,0,147.0,0,0,0,0,0,0,0,0,0,0,0,0,0,0,0,0,0,0,0,0,0,0,0,0,0,0,0,0,0,0,0,0,0,41.0,0,0,0,0,0,0,0,0,0,0,0,0,0,0,0,0,0,0,0,0,0,0,0,89.0,0,0,0,0,0,0,0,0,0,0,139.0,0,0,0,0,0,0,0,0,0,0,0,0,0,0,0,0,0,0,0,0,0,0,201.0,0,0,0,0,0,0,0,0,0,0,0,0,0,0,0,0,0,0,0,5.0,0,0,0,0,0,0,0,0,0,0,0,0,0,0,0,0,0,0,0,0,0,0,0,0,0,0,0,0,0,0,0,0,0,0,0,0,0,0,0,0,0,0,0,0,0,0,0,0,0,0,0,0,0,0,0,0,0,0,0,0,0,0,0,0,0,0,0,0,0,0,0,0,0,0,0,0,0,0,0,61.0,0,0,0,0,0,0,0,0,0,0,0,0,0,0,0,0,0,0,0,0,0,0,0,0,20.0,0,0,0,0,0,0,0,0,0,0,0,0,0,0,0,0,0,0,0,0,0,0,0,0,0,0,0,0,0,0,0,0,0,0,0,0,0,0,0,0,0,75.0,0,0,0,0,84.0,0,0,0,0,0,0,0,0,0,0,0,0,0,0,0,0,0,0,0,0,0,0,0,0,0,0,0,0,0,0,0,0,0,0,0,0,0,0,0,0,0,0,0,0,0,0,0,0,0,0,201.0,0,0,0,0,0,0,0,0,0,0,0,0,0,0,0,0,0,0,0,0,0,0,0,0,0,0,0,0,0,0,0,0,64.0,0,0,0,0,0,0,0,0,0,0,0,0,0,0,0,0,0,0,0,0,0,0,0,0,0,0,0,0,0,0,0,0,0,0,0,0,0,0,0,0,0,0,0,0,0,0,0,0,0,0,0,0,0,0,0,0,0,0,0,104.0,171.0,0,0,0,0,0,0,0,0,0,0,0,0,0,0,0,0,0,0,0,0,0,0,0,0,0,0,0,0,0,0,0,0,0,0,0,0,0,0,0,0,0,0,0,0,0,0,0,0,0,0,0,19.0,0,0,0,0,0,0,0,0,104.0,167.0,0,0,0,0,0,0,0,0,0,0,0,0,0,0,0,113.0,0,0,0,0,0,0,0,0,0,0,0,0,0,0,0,0,0,0,0,0,0,0,0,0,0,0,0,0,0,0,0,0,0,0,0,0,0,0,0,0,0,0,0,0,0,0,553.0,1111.0,0,647.0,429.0,192.0,0,0,159.0,0,0,0,0,0,0,0,0,0,0,0,0,0,0,0,0,0,0,0,0,0,0,0,0,0,0,0,0,0,0,0,0,0,0,0,0,0,0,0,0,0,0,0,0,0,0,0,0,0,0,0,0,0,0,0,0,0,0,0,0,0,0,0,0,0,0,0,0,0,0,0,0,0,1503.0,0,236.0,71.0,0,0,0,0,507.0,0,1926.0,135.0,0,0,0,0,0,0,0,0,0,0,0,0,0,0,0,0,0,0,0,0,0,0,0,0,0,0,0,0,0,0,0,0,0,0,0,0,0,0,0,0,0,0,0,0,0,0,0,0,0,0,0,0,0,0,0,0,0,0,0,0,0,0,0,0,0,0,0,0,0,0,0,0,0,0,0,0,0,0,0,0,0,0,0,0,0,0,0,0,0,0,0,0,0,0,0,0,0,0,0,0,0,0,0,0,0,0,0,0,0,0,0,0,0,0,0,0,0,0,0,0,0,0,0,0,0,0,0,0,0,0,0,0,0,0,0,0,0,0,0,0,0,0,0,0,0,0,368.0,0,1971.0,0,0,0,0,0,0,1276.0,3165.0,0,1489.0,573.0,102.0,0,0,0,0,0,0,0,0,0,0,0,0,0,0,0,0,0,0,0,0,0,0,0,0,0,0,0,0,0,0,0,0,0,0,0,0,0,0,0,0,0,0,0,0,0,0,0,0,0,0,0,0,0,228.0,0,0,0,0,0,0,0,0,0,0,0,0,0,0,0,0,0,0,0,0,0,0,0,0,0,0,0,0,0,0,0,0,0,0,0,0,0,249.0,0,0,0,0,0,0,0,0,0,0,0,0,0,0,0,0,0,0,0,0,0,0,0,0,0,0,0,0,0,0,0,0,0,0,0,0,0,0,0,0,0,0,0,358.0,0,49.0,0,0,0,0,0,0,0,0,0,0,0,0,247.0,0,0,0,0,0,0,0,0,0,0,0,0,0,0,0,0,0,1987.0,1104.0,0,0,0,194.0,880.0,0,1006.0,348.0,1227.0,0,1445.0,393.0,0,0,0,0,0,0,0,0,0,0,0,0,0,202.0,0,64.0,0,0,176.0,0,0,664.0,1674.0,0,180.0,0,0,0,45.0,0,0,0,0,639.0,0,3414.0,2255.0,0,4996.0,971.0,1048.0,2243.0,0,2296.0,843.0,0,0,1849.0,2383.0,2634.0,0,1301.0,520.0,0,662.0,2139.0,2826.0,0,3806.0,1030.0,714.0,0,0,49.0,0,0,0,299.0,0,0,31.0,0,0,0,0,0,0,261.0,0,0,0,0,299.0,0,415.0,0,0,0,0,0,0,0,0,0,0,0,0,0,0,0,0,0,0,0,0,0,0,0,0,0,0,0,0,0,0,0,0,0,0,1736.0,0,41.0,0,0,0,0,0,0,0,0,1331.0,0,6616.0,1921.0,623.0,0,0,0,0,0,0,0,0,0,0,0,0,0,0,0,0,0,0,0,0,0,0,0,0,0,0,0,0,0,0,0,0,0,0,0,1392.0,0,0,0,0,0,0,0,0,241.0,0,0,0,0,0,0,0,0,0,0,0,0,0,0,0,0,0,0,0,0,0,0,0,0,0,0,0,0,0,0,0,0,0,0,0,0,0,0,0,0,0,914.0,0,834.0,85.0,0,0,0,0,0,0,0,0,0,0,0,0,0,0,0,0,0,0,0,0,0,0,0,0,0,0,0,0,0,0,0,0,2267.0,0,0,0,0,0,0,0,0,0,0,870.0,0,2678.0,929.0,0,0,0,0,0,0,0,0,0,0,0,0,0,0,0,0,0,0,0,0,0,0,0,0,0,0,0,0,0,0,0,0,0,0,0,0,0,0,0,0,0,0,0,0,0,0,0,0,0,0,0,0,0,0,0,0,0,0,0,0,0,0,0,0,0,0,0,0,0,0,0,0,0,0,0,0,0,0,0,0,0,0,0,0,0,0,0,0,0,0,0,0,0,0,2650.0,210.0,603.0,0,0,0,0,0,329.0,0,0,0,0,0,0,0,0,0,0,0,0,0,0,1002.0,0,0,0,0,0,982.0,0,0,0,0,0,0,0,0,0,2041.0,0,0,555.0,0,0,0,0,0,0,0,468.0,0,170.0,0,0,0,0,0,0,0,0,0,756.0,466.0,0,0,0,0,0,0,0,0,0,0,0,0,0,0,0,0,0,0,0,0,0,0,0,0,0,0,0,0,0,0,0,0,0,0,0,833.0,0,0,553.0,0,423.0,52.0,269.0,0,0,0,0,0,0,0,500.0,0,0,0,0,0,0,0,0,0,0,0,4570.0,0,5238.0,1176.0,123.0,1496.0,0,468.0,141.0,0,285.0,0,674.0,0,5663.0,570.0,0,0,0,0,0,0,0,0,0,0,0,0,0,0,0,0,0,0,0,0,0,0,0,0,0,0,0,0,0,0,0,0,0,0,0,0,0,0,0,0,0,0,0,0,0,0,0,0,0,0,0,0,0,0,0,0,0,0,0,0,0,0,0,0,0,0,0,0,723.0,0,0,0,0,0,0,0,0,0,1006.0,2726.0,8694.0,0,16401.0,8948.0,4108.0,2286.0,179.0,0,0,0,0,0,0,0,0,0,0,0,0,0,0,0,0,0,0,0,0,0,0,0,0,0,0,0,0,0,0,0,0,0,0,0,0,0,0,0,0,0,0,0,1249.0,9312.0,0,9361.0,1816.0,0,0,0,0,0,0,0,0,0,0,0,0,0,0,0,0,0,0,0,0,0,0,0,0,0,0,0,0,0,0,0,0,0,0,0,0,0,0,0,0,0,0,0,0,0,0,0,0,0,34.0,0,0,0,0,0,0,0,0,0,0,0,0,0,0,0,0,0,0,0,0,0,0,0,0,0,0,0,0,763.0,0,697.0,0,0,0,0,0,0,0,0,0,0,0,280.0,0,1504.0,0,0,0,0,0,330.0,1390.0,0,187.0,0,0,0,0,0,0,0,373.0,5310.0,0,1146.0,0,0,0,0,0,0,0,1008.0,0,1031.0,0,2739.0,0,2927.0,2515.0,740.0,0,0,0,0,0,0,0,0,0,0,0,886.0,0,1874.0,3449.0,0,23.0,0,0,1508.0,0,1848.0,0,0,662.0,2792.0,0,1459.0,0,0,0,0,0,0,0,0,0,0,0,0,0,823.0,0,1133.0,0,1239.0,134.0,0,0,0,784.0,0,1045.0,0,0,0,0,0,0,0,0,73.0,189.0,4408.0,0,1634.0,0,0,1381.0,0,0,503.0,3367.0,0,4076.0,0,2312.0,956.0,191.0,0,81.0,0,0,0,0,3276.0,0,4505.0,4036.0,3029.0,0,3340.0,129.0,0,0,0,0,0,0,0,0,0,0,310.0,340.0,0,1229.0,1998.0,2637.0,3805.0,12244.0,0,5718.0,1870.0,518.0,887.0,1969.0,0,999.0,4093.0,0,2047.0,586.0,0,0,0,0,0,383.0,732.0,0,136.0,0,0,0,0,0,0,0,54.0,0,3160.0,0,0,0,0,230.0,1066.0,2358.0,0,2015.0,382.0,257.0,0,0,0,57.0,0,0,0,0,439.0,1362.0,1833.0,0,3436.0,2130.0,115.0,0,0,0,0,0,55.0,0,0,0,0,0,0,0,0,0,0,0,0,81.0,0,649.0,673.0,1217.0,3096.0,3854.0,0,4610.0,3073.0,3769.0,0,3130.0,2048.0,1477.0,344.0,437.0,0,0,0,0,0,0,0,0,0,0,0,0,0,187.0,1682.0,1883.0,2878.0,3989.0,0,3488.0,2792.0,1744.0,459.0,395.0,101.0,84.0,0,0,23.0,0,148.0,149.0,607.0,1019.0,1233.0,0,1371.0,427.0,237.0,276.0,1532.0,3165.0,0,3843.0,3479.0,2217.0,641.0,521.0,0,1220.0,1253.0,0,2998.0,2337.0,2204.0,2258.0,2977.0,4099.0,6428.0,13268.0,14980.0,0,0,0,18301.0,13637.0,9868.0,6043.0,5722.0,3528.0,2024.0,1724.0,0,1761.0,1517.0,1429.0,1424.0,2030.0,3312.0,0,3499.0,2992.0,2029.0,1850.0,1849.0,2663.0,3355.0,4089.0,7857.0,9546.0,16967.0,0,0,0,0,0,16023.0,12539.0,8770.0,5126.0,4972.0,4203.0,3898.0,3748.0,3314.0,3449.0,0,2934.0,2867.0,2278.0,2196.0,2556.0,3579.0,4039.0,5946.0,0,7608.0,4478.0,2753.0,2236.0,1689.0,1545.0,1005.0,790.0,0,755.0,0,684.0,431.0,427.0,0,461.0,500.0,896.0,0,808.0,338.0,258.0,0,254.0,219.0,131.0,0,157.0,610.0,683.0,0,856.0,798.0,591.0,474.0,668.0,1031.0,0,748.0,511.0,521.0,0,543.0,506.0,475.0,472.0,803.0,1103.0,1142.0,1193.0,0,1018.0,607.0,562.0,680.0,786.0,960.0,1724.0,0,1577.0,753.0,674.0,899.0,1101.0,1353.0,0,1087.0,0,1128.0,764.0,741.0,0,942.0,12.0,688.0,0,847.0,0,637.0,49.0,0,459.0,0,1327.0,1459.0,0,683.0,0,1518.0,1090.0,473.0,0,811.0,0,960.0,876.0,691.0,0,731.0,774.0,967.0,0,490.0,1921.0,0,1579.0,1286.0,0,1600.0,0,410.0,946.0,0,459.0,1465.0,0,1066.0,856.0,231.0,44.0,0,382.0,0,699.0,248.0,1179.0,1925.0,0,2705.0,1727.0,1559.0,1436.0,0,2677.0,3083.0,0,1693.0,1451.0,1231.0,1382.0,1933.0,0,4897.0,2496.0,816.0,1107.0,1644.0,0,1728.0,2523.0,0,4887.0,877.0,0,1055.0,857.0,0,945.0,658.0,0,799.0,1074.0,1458.0,2023.0,0,2506.0,0,2573.0,1576.0,0,1719.0,1692.0,0,1224.0,2318.0,0,3518.0,1685.0,1835.0,0,3805.0,1789.0,0,2185.0,1797.0,1483.0,1231.0,1425.0,2738.0,0,2648.0,0,3108.0,1139.0,0,2368.0,1100.0,0,2274.0,1926.0,902.0,280.0,560.0,1871.0,0,2413.0,398.0,352.0,474.0,1763.0,0,1691.0,1021.0,882.0,0,424.0,0,609.0,517.0,0,0,1185.0,572.0,879.0,0,1314.0,631.0,0,719.0,0,367.0,0,547.0,1368.0,0,976.0,962.0,280.0,450.0,0,0,0,151.0,0,620.0,262.0,383.0,457.0,2108.0,0,0,516.0,0,72.0,0,730.0,504.0,246.0,554.0,657.0,958.0,0,569.0,1004.0,1380.0,5337.0,0,9042.0,1672.0,800.0,0,2345.0,820.0,1715.0,0,844.0,0,0,204.0,1712.0,0,766.0,0,0,102.0,0,0,0,359.0,0,1857.0,846.0,532.0,0,534.0,640.0,731.0,0,40.0,249.0,0,198.0,176.0,0,672.0,0,884.0,720.0,491.0,1272.0,2176.0,0,3340.0,1654.0,795.0,0,594.0,0,1871.0,6418.0,0,2429.0,453.0,759.0,1125.0,4826.0,0,831.0,0,967.0,0,1521.0,2878.0,0,6280.0,1833.0,369.0,0,104.0,0,539.0,481.0,693.0,2549.0,8487.0,0,5112.0,4030.0,751.0,461.0,1243.0,2748.0,0,3213.0,2103.0,1110.0,519.0,1346.0,1905.0,0,1679.0,4137.0,0,1338.0,0,593.0,328.0,344.0,347.0,0,999.0,830.0,0,598.0,383.0,0,277.0,0,60.0,508.0,0,416.0,0,0,138.0,922.0,0,2208.0,134.0,0,96.0,0,393.0,0,385.0,358.0,0,0,563.0,0,355.0,0,0,123.0,163.0,381.0,0,468.0,232.0,0,1294.0,773.0,444.0,0,0,0,0,0,0,0,0,0,0,0,4323.0,0,3611.0,1276.0,3585.0,0,959.0,830.0,484.0,114.0,0,0,0,0,0,11.0,0,226.0,0,0,0,258.0,0,0,153.0,378.0,394.0,0,191.0,1092.0,0,694.0,7.0,0,0,0,0,0,0,413.0,1002.0,0,5269.0,4090.0,69.0,0,0,0,56.0,0,0,0,0,0,0,0,0,1374.0,1807.0,0,92.0,0,0,0,0,29.0,471.0,0,2415.0,745.0,122.0,0,66.0,0,0,0,0,0,0,0,394.0,0,0,0,0,218.0,0,875.0,0,0,0,0,0,0,1147.0,0,0,0,0,35.0,0,3955.0,794.0,243.0,322.0,0,0,0,270.0,0,0,0,87.0,262.0,0,179.0,0,0,0,631.0,135.0,64.0,0,0,0,0,377.0,0,0,0,0,0,0,172.0,0,1453.0,256.0,1055.0,2826.0,0,303.0,0,0,0,0,578.0,6741.0,0,227.0,0,0,4406.0,0,7075.0,879.0,797.0,327.0,275.0,212.0,0,599.0,685.0,0,1709.0,2845.0,0,8819.0,640.0,252.0,2316.0,0,5813.0,5713.0,1776.0,130.0,95.0,0,0,0,873.0,0,777.0,224.0,0,0,185.0,0,0,0,0,0,0,387.0,622.0,0,2872.0,2467.0,3883.0,0,4444.0,1641.0,649.0,0,0,397.0,0,0.0,30.0,592.0,5408.0,0,1637.0,569.0,949.0,0,1486.0,0,1510.0,365.0,357.0,349.0,828.0,838.0,6727.0,13220.0,0,3734.0,1267.0,1092.0,6798.0,0,1289.0,0,0,421.0,1019.0,1078.0,1268.0,0,11852.0,0,8139.0,3633.0,2458.0,0,8127.0,1672.0,1249.0,563.0,1512.0,2008.0,0,6385.0,1296.0,0,0,0,0,0,0,403.0,0,285.0,0,0,0,0,0,0,1617.0,0,0,0,0,0,0,0,0,0,0,397.0,875.0,1686.0,0,161.0,246.0,0,396.0,754.0,0,1430.0,2402.0,0,968.0,974.0,0,248.0,0,0,585.0,0,612.0,0,0,0,0,0,0,86.0,0,640.0,238.0,1290.0,4115.0,0,205.0,3108.0,4340.0,0,4492.0,0,0,0,0,0,0,409.0,1241.0,0,555.0,4924.0,0,6027.0,2585.0,0,3228.0,2154.0,0,0,1941.0,0,3713.0,2503.0,0,1318.0,1376.0,2641.0,5745.0,8443.0,0,7788.0,7697.0,0,2992.0,1012.0,922.0,0,6450.0,1791.0,0,4057.0,4046.0,0,6349.0,2248.0,8331.0,13435.0,0,3014.0,998.0,4639.0,0,3563.0,797.0,678.0,437.0,1891.0,0,9637.0,2285.0,663.0,0,575.0,2054.0,0,4267.0,1116.0,2049.0,0,3823.0,0,0,237.0,1684.0,0,61.0,0,0,0,0,0,0,0,0,0,0,0,0,0,0,0,0,2182.0,0,3438.0,440.0,349.0,0,0,0,139.0,629.0,0,2296.0,0,0,3807.0,4778.0,0,164.0,0,0,0,0,0,0,374.0,483.0,0,232.0,0,0,0,355.0,0,1616.0,1525.0,7152.0,0,961.0,0,498.0,1790.0,0,10756.0,1324.0,0,1408.0,6073.0,7850.0,0,5267.0,0,8518.0,7742.0,3811.0,1745.0,9099.0,0,6753.0,0,6731.0,454.0,1722.0,6963.0,0,13846.0,5471.0,0,9511.0,1251.0,1043.0,0,0,0,0,323.0,0,0,3736.0,0,1271.0,340.0,30.0,141.0,662.0,920.0,4793.0,0,607.0,103.0,5264.0,0,2653.0,440.0,0,0,280.0,1640.0,0,1429.0,0,0,341.0,76.0,0,0,3941.0,0,1359.0,0,0,496.0,1079.0,7393.0,0,2608.0,0,0,1737.0,0,989.0,0,1333.0,5866.0,0,5132.0,3588.0,2395.0,0,392.0,0,0,0,0,1480.0,0,2732.0,371.0,154.0,1565.0,0,3571.0,354.0,1178.0,0,1725.0,3007.0,0,5377.0,820.0,0,0,0,0,0,0,0,314.0,0,1201.0,0,0,0,481.0,122.0,1228.0,0,2675.0,1358.0,0,3583.0,3299.0,967.0,0,853.0,0,4531.0,3525.0,0,6034.0,4934.0,14035.0,0,0,23410.0,5765.0,2586.0,946.0,431.0,0,45.0,685.0,729.0,2005.0,8288.0,0,0,14055.0,2701.0,1952.0,4103.0,0,6400.0,537.0,0,307.0,520.0,0,0,620.0,1377.0,0,7848.0,0,8859.0,3240.0,13174.0,0,0,23933.0,6526.0,4581.0,3619.0,2352.0,4311.0,15194.0,0,0,11700.0,3000.0,384.0,898.0,1546.0,0,2289.0,413.0,0,0,117.0,0,0,0,1220.0,0,4539.0,826.0,0,0,0,0,0,0,1446.0,0,4497.0,0,260.0,0,0,0,0,0,271.0,644.0,0,7876.0,175.0,0,0,0,46.0,0,0,2453.0,419.0,0,0,983.0,1059.0,0,0,0,0,0,0,0,0,0,0,0,0,0,0,0,0,0,0,0,370.0,0,0,0,0,14.0,316.0,0,4531.0,1094.0,0,4420.0,3976.0,866.0,123.0,0,0,0,0,0,0,0,0,625.0,4312.0,5148.0,0,11645.0,4805.0,3058.0,0,0,0,0,0,0,0,0,264.0,0,0,0,0,0,0,0,0,0,540.0,0,6026.0,0,0,0,0,0,0,0,0,4128.0,0,2179.0,0,0,0,0,797.0,3652.0,0,1589.0,0,0,0,0,0,0,0,0,0,0,0,0,0,0,0,0,0,0,0,0,0,84.0,0,0,0,0,0,0,0,57.0,0,0,0,0,0,0,0,0,0,0,0,198.0,0,0,0,0,0,0,0,0,0,0,0,0,0,0,0,0,0,0,0,0,0,0,0,0,0,51.0,0,0,0,0,0,0,0,0,0,0,0,0,0,0,948.0,0,762.0,0,0,0,0,0,0,0,0,0,0,0,0,0,0,0,0,0,0,0,0,0,0,0,0,0,0,0,0,0,0,0,0,0,0,0,0,0,0,0,0,0,0,0,0,0,0,0,0,0,0,0,0,0,0,0,0,0,0,0,0,0,0,0,0,0,0,0,0,0,0,0,0,0,0,1504.0,0,0,0,0,0,0,0,0,0,0,0,0,0,0,0,0,1022.0,1657.0,0,224.0,208.0,0,280.0,0,283.0,303.0,1998.0,3703.0,5004.0,8512.0,20290.0,0,0,0,0,11777.0,5986.0,3493.0,2430.0,1054.0,0,572.0,1002.0,0,971.0,0,396.0,283.0,282.0,0,0,0,0,0,0,0,0,0,0,0,0,0,0,524.0,0,1219.0,126.0,0,0,0,0,0,0,0,0,0,0,0,1693.0,0,0,0,0,0,0,0,0,0,0,0,0,2604.0,0,4438.0,65.0,0,0,240.0,0,0,0,0,0,0,0,323.0,2538.0,0,9132.0,38.0,486.0,760.0,1480.0,0,1053.0,7292.0,0,4948.0,2177.0,15.0,0,0,0,571.0,0,631.0,0,268.0,7628.0,0,7820.0,9292.0,10021.0,16778.0,0,3919.0,772.0,2002.0,0,7073.0,10624.0,0,3965.0,0,0,0,0,0,0,0,636.0,0,0,0,295.0,0,11288.0,1386.0,0,0,0,0,0,0,2913.0,0,5103.0,0,0,0,0,0,0,0,0,0,0,0,0,0,0,0,0,0,0,0,0,0,0,0,0,0,0,0,0,0,0,0,0,0,0,0,0,0,0,0,0,0,0,0,0,0,0,0,0,0,0,0,0,0,0,0,0,0,0,0,0,0,0,0,0,0,0,0,0,0,0,0,0,0,0,0,0,2671.0,0,7908.0,1072.0,0,0,0,0,0,0,0,0,0,0,0,0,0,0,0,0,0,0,0,0,0,0,0,0,0,1656.0,0,7678.0,0,0,0,0,0,0,0,0,0,0,0,0,1252.0,0,968.0,0,0,0,0,0,0,0,0,0,0,393.0,5940.0,0,12752.0,4181.0,3579.0,464.0,0,0,0,0,0,346.0,2292.0,8723.0,0,0,20338.0,4360.0,748.0,41.0,0,0,0,0,0,0,0,0,0,0,0,0,0,480.0,573.0,0,528.0,0,627.0,1809.0,6986.0,21552.0,0,0,0,10351.0,6391.0,1273.0,679.0,99.0,0,22.0,0,0,0,0,0,0,0,0,0,0,0,0,0,0,0,0,0,0,0,0,0,0,0,0,0,0,372.0,483.0,0,152.0,0,0,0,0,0,0,0,0,0,0,0,0,0,0,0,0,430.0,0,0,62.0,0,0,0,0,0,0,0,0,0,0,0,0,0,0,0,0,0,0,0,0,0,677.0,0,1441.0,0,0,0,0,0,2530.0,0,383.0,0,0,0,0,0,3055.0,0,0,0,863.0,2518.0,0,3770.0,2706.0,725.0,0,0,362.0,2705.0,9377.0,0,14453.0,21925.0,0,11525.0,1754.0,0,0,0,0,0,0,0,0,0,0,0,0,0,482.0,1170.0,2326.0,0,1531.0,755.0,0,0,154.0,183.0,727.0,1336.0,3520.0,3786.0,0,2610.0,1372.0,390.0,47.0,1019.0,1179.0,2625.0,2713.0,0,6794.0,4858.0,7269.0,0,8964.0,7576.0,5499.0,4452.0,2502.0,2207.0,92.0,0,0,0,0,144.0,0,0,0,0,0,184.0,0,0,0,0,174.0,0,0,0,0,0,0,0,0,0,0,257.0,66.0,22.0,0,0,0,0,0,96.0,96.0,0,83.0,32.0,41.0,441.0,0,259.0,50.0,0,0,326.0,355.0,0,336.0,277.0,226.0,233.0,972.0,1294.0,3417.0,4488.0,5784.0,0,7193.0,4663.0,4743.0,5335.0,5497.0,9564.0,9704.0,0,10169.0,6123.0,3962.0,2348.0,1862.0,2103.0,3455.0,4744.0,9102.0,9639.0,17698.0,0,12328.0,10038.0,5159.0,3431.0,1844.0,1561.0,1157.0,615.0,510.0,270.0,245.0,0,1162.0,703.0,627.0,533.0,853.0,1317.0,0,1328.0,0,1309.0,631.0,625.0,832.0,0,459.0,468.0,936.0,1085.0,1303.0,0,1222.0,974.0,891.0,687.0,682.0,957.0,962.0,1218.0,1245.0,1332.0,1471.0,1688.0,0,1815.0,0,1879.0,1635.0,1668.0,2781.0,2891.0,8978.0,11463.0,19506.0,0,0,0,21784.0,6089.0,4973.0,2169.0,2136.0,1790.0,1740.0,1391.0,1323.0,1231.0,1354.0,0,1360.0,1255.0,0,1261.0,0,1277.0,1686.0,1794.0,2421.0,2756.0,4848.0,6752.0,7740.0,0,9141.0,2963.0,2872.0,1937.0,0,1518.0,1335.0,1583.0,0,1701.0,1564.0,2456.0,3834.0,4174.0,0,6383.0,3759.0,3371.0,1823.0,1412.0,1877.0,0,2004.0,1704.0,1454.0,1088.0,1203.0,1701.0,1723.0,2943.0,3124.0,3427.0,0,3310.0,2531.0,2017.0,1645.0,0,1519.0,1465.0,0,1493.0,1349.0,1290.0,2324.0,0,2355.0,2289.0,0,2466.0,2575.0,0,2915.0,2492.0,2459.0,4403.0,5013.0,7345.0,8905.0,9569.0,0,8555.0,4553.0,4263.0,2433.0,2417.0,2212.0,2210.0,2344.0,2347.0,2646.0,2851.0,2890.0,3188.0,3465.0,0,3786.0,2877.0,2838.0,3159.0,0,3210.0,3310.0,3999.0,0,4234.0,3726.0,3908.0,0,4391.0,3411.0,3331.0,3564.0,3591.0,3657.0,0,3709.0,3420.0,3434.0,3563.0,3900.0,5783.0,5812.0,8905.0,9460.0,12327.0,0,9128.0,4880.0,4395.0,3710.0,3696.0,3833.0,3835.0,0,3869.0,3193.0,3052.0,3383.0,3465.0,3477.0,3572.0,3927.0,0,4439.0,3651.0,3693.0,4867.0,0,4699.0,4594.0,5615.0,6342.0,9255.0,13330.0,15501.0,0,20032.0,8675.0,8119.0,5948.0,5446.0,5315.0,5279.0,4886.0,4475.0,4984.0,5916.0,6175.0,0,7201.0,6502.0,6401.0,6122.0,6005.0,6329.0,0,6163.0,5027.0,4901.0,5756.0,0,4662.0,7317.0,16573.0,0,8565.0,5926.0,6528.0,0,5259.0,4992.0,4241.0,0,4320.0,4903.0,6081.0,0,3967.0,0,4378.0,0,5194.0,4948.0,4156.0,6161.0,0,6154.0,4343.0,3679.0,4117.0,0,4422.0,4352.0,3728.0,0,3793.0,4374.0,4417.0,5379.0,6067.0,0,3894.0,3529.0,0,3332.0,3593.0,4311.0,0,4604.0,4221.0,3504.0,4046.0,0,3936.0,4781.0,0,5652.0,3418.0,0,3602.0,0,3216.0,0,3858.0,3490.0,3295.0,4492.0,0,3723.0,3779.0,0,4001.0,4212.0,0,4843.0,4371.0,3003.0,0,3228.0,4514.0,5326.0,0,5610.0,3535.0,0,2875.0,2916.0,2955.0,3870.0,0,2850.0,0,3366.0,0,2987.0,5843.0,0,3938.0,4434.0,5007.0,7781.0,13220.0,0,9704.0,4068.0,3650.0,0,4778.0,3639.0,3831.0,4617.0,0,5505.0,3291.0,3400.0,3854.0,0,3814.0,3505.0,0,3219.0,3090.0,0,2947.0,2942.0,3218.0,0,4168.0,3102.0,3041.0,3005.0,3168.0,3869.0,0,5044.0,4137.0,2291.0,2830.0,0,3123.0,3309.0,0,3121.0,3010.0,3553.0,0,3310.0,3124.0,0,2757.0,0,3214.0,2871.0,0,3544.0,0,2974.0,0,2738.0,2541.0,3351.0,4795.0,0,4245.0,3350.0,0,3679.0,3493.0,3988.0,4450.0,0,4642.0,3204.0,2660.0,0,3654.0,3194.0,3153.0,3263.0,4070.0,5297.0,0,6986.0,3622.0,3726.0,0,6137.0,2950.0,0,3414.0,2858.0,2382.0,2493.0,2739.0,2906.0,3207.0,4398.0,0,3118.0,0,2491.0,0,3922.0,3446.0,3144.0,3084.0,4568.0,10660.0,0,12141.0,0,13422.0,10508.0,9489.0,8703.0,8674.0,0,9229.0,0,7720.0,8007.0,0,8022.0,0,6784.0,7778.0,8797.0,12449.0,0,8575.0,6457.0,7208.0,8555.0,0,6757.0,6757.0,0,6429.0,0,7033.0,7387.0,10575.0,10770.0,12359.0,0,9970.0,16015.0,16103.0,0,13442.0,9058.0,8257.0,7536.0,10231.0,10670.0,14234.0,0,0,0,9329.0,8736.0,8845.0,0,6783.0,7933.0,12681.0,0,9687.0,6072.0,0,5689.0,7116.0,9461.0,13385.0,0,14960.0,6355.0,6255.0,5004.0,0,4851.0,0,4629.0,5623.0,7439.0,15392.0,0,5092.0,4722.0,6139.0,0,4648.0,0,4813.0,4485.0,0,4670.0,4578.0,0,4876.0,4100.0,3326.0,5590.0,10746.0,0,4439.0,4960.0,4996.0,5275.0,6106.0,8830.0,14818.0,19181.0,0,9961.0,6365.0,3269.0,3114.0,0,3262.0,0,3401.0,5112.0,0,4658.0,3547.0,0,3428.0,4778.0,6972.0,0,0,8916.0,2566.0,3033.0,4040.0,5223.0,0,4116.0,0,3020.0,0,2621.0,0,3468.0,3041.0,2821.0,0,2218.0,2295.0,0,2318.0,2502.0,2962.0,0,2481.0,2784.0,3729.0,4115.0,5041.0,5990.0,14226.0,0,20171.0,4281.0,2620.0,0,3839.0,0,4541.0,3751.0,4037.0,0,3897.0,3693.0,3942.0,4500.0,0,4146.0,3828.0,3758.0,3472.0,5047.0,5672.0,0,5440.0,0,5818.0,6149.0,9541.0,0,11472.0,14062.0,22502.0,0,0,19518.0,11840.0,10205.0,9248.0,8582.0,6609.0,6540.0,7875.0,11321.0,13407.0,0,0,0,6181.0,4293.0,0,5278.0,4674.0,6273.0,8375.0,10362.0,14216.0,0,0,11722.0,8823.0,5204.0,4829.0,0,4878.0,6638.0,12112.0,0,0,21784.0,5332.0,0,5443.0,4921.0,8108.0,10650.0,19826.0,0,0,13019.0,0,11018.0,3820.0,4897.0,7068.0,0,19725.0,4443.0,10097.0,0,17245.0,11430.0,0,14951.0,4210.0,3477.0,2344.0,0,1462.0,2040.0,0,2379.0,2441.0,3758.0,4582.0,5243.0,14541.0,0,0,10309.0,0,18870.0,0,0,19892.0,0,11339.0,4875.0,4004.0,2257.0,0,2476.0,2353.0,859.0,2556.0,3001.0,0,3534.0,2710.0,0,3665.0,2072.0,1479.0,0,1189.0,0,1705.0,1193.0,1607.0,0,727.0,0,2554.0,0,2567.0,7511.0,0,23056.0,3842.0,2160.0,1850.0,0,2166.0,0,1877.0,1722.0,0,2105.0,1187.0,878.0,0,1266.0,0,1583.0,878.0,2505.0,3710.0,0,3886.0,0,2432.0,2409.0,0,2397.0,2349.0,0,2851.0,0,3619.0,2732.0,1840.0,1772.0,0,1947.0,0,1271.0,977.0,0,1808.0,1655.0,1560.0,1899.0,2216.0,0,1281.0,2431.0,0,1317.0,0,5441.0,4304.0,2903.0,0,3001.0,2219.0,0,3551.0,2917.0,3009.0,4462.0,0,2508.0,2715.0,5505.0,0,3603.0,2287.0,0,2635.0,2516.0,2011.0,2338.0,2612.0,5422.0,0,2485.0,3387.0,3604.0,0,5038.0,4113.0,2977.0,0,3197.0,0,3157.0,2407.0,2392.0,0,2769.0,0,2557.0,0,3065.0,2347.0,2317.0,2506.0,0,2604.0,4763.0,0,3651.0,2904.0,2232.0,4195.0,0,4254.0,3729.0,0,4912.0,3189.0,0,5738.0,2692.0,0,3448.0,2749.0,4686.0,0,4072.0,0,3115.0,2869.0,1739.0,0,2393.0,2475.0,0,1619.0,2290.0,0,2556.0,0,3737.0,2963.0,3307.0,4076.0,6536.0,12210.0,0,0,6503.0,6671.0,7233.0,8186.0,15073.0,0,0,0,18796.0,3039.0,3381.0,3415.0,3691.0,0,3799.0,0,4662.0,4980.0,0,8894.0,21127.0,0,0,7487.0,5860.0,0,5470.0,11528.0,0,0,11888.0,6772.0,9314.0,12700.0,0,0,5810.0,5370.0,4314.0,3760.0,3077.0,2691.0,2169.0,2042.0,0,2757.0,3540.0,0,3917.0,2433.0,3190.0,0,1510.0,0,4883.0,4059.0,8306.0,8659.0,9334.0,0,23258.0,4251.0,3687.0,2254.0,2569.0,0,2966.0,0,3312.0,3172.0,3110.0,610.0,0,4650.0,1935.0,2358.0,2565.0,4006.0,4515.0,0,9283.0,4712.0,5545.0,0,8974.0,3555.0,2432.0,0,2292.0,2257.0,2244.0,9047.0,0,3563.0,2040.0,0,1359.0,0,1925.0,2184.0,0,1461.0,0,1714.0,1874.0,1960.0,0,951.0,1064.0,0,1993.0,2158.0,0,1548.0,0,1252.0,1349.0,0,2432.0,2110.0,1772.0,1936.0,0,1473.0,2177.0,2322.0,2921.0,3036.0,0,4114.0,6040.0,10062.0,17788.0,0,0,18658.0,0,0,0,0,20380.0,10310.0,11699.0,16161.0,0,0,0,12137.0,5230.0,3338.0,0,1812.0,0,1407.0,626.0,1328.0,0,821.0,1317.0,0,0,1579.0,0,3304.0,3359.0,0,2146.0,1778.0,316.0,734.0,0,418.0,0,995.0,0,1818.0,0,1699.0,1094.0,0,3615.0,2185.0,1782.0,0,2124.0,3602.0,0,3824.0,3336.0,2934.0,2862.0,0,3412.0,2923.0,0,2960.0,0,3214.0,1875.0,2738.0,0,2025.0,0,2564.0,0,2495.0,1995.0,0,2525.0,1149.0,0,2355.0,3010.0,0,3334.0,2238.0,0,2771.0,2617.0,2904.0,0,3759.0,3954.0,5745.0,0,7351.0,5447.0,4846.0,5125.0,13880.0,0,15403.0,5657.0,3817.0,0,3337.0,0,2801.0,3064.0,0,3121.0,0,3672.0,3187.0,3116.0,0,2757.0,5192.0,5612.0,0,4352.0,3080.0,3664.0,0,2993.0,3078.0,3514.0,3767.0,4228.0,5163.0,5617.0,0,0,7710.0,4836.0,2505.0,0,2880.0,2554.0,0,2539.0,0,2278.0,2351.0,2807.0,3376.0,0,2299.0,3075.0,0,2350.0,0,2374.0,2745.0,0,3200.0,2048.0,3892.0,0,3057.0,3035.0,4535.0,0,4240.0,18255.0,0,4090.0,1613.0,0,1807.0,1401.0,1741.0,0,1824.0,0,1684.0,0,2029.0,0,2044.0,2671.0,3000.0,0,4373.0,3424.0,2296.0,0,2287.0,1572.0,1963.0,0,2646.0,1782.0,0,2378.0,2210.0,2914.0,3010.0,0,2061.0,3063.0,3786.0,4740.0,0,5799.0,2157.0,0,1892.0,0,1664.0,0,1396.0,2874.0,4777.0,0,5116.0,0,6797.0,1418.0,2283.0,0,2432.0,0,3520.0,3223.0,2894.0,2221.0,3022.0,0,2892.0,0,2149.0,1332.0,1908.0,1994.0,0,1785.0,0,2313.0,1717.0,1574.0,1788.0,0,3111.0,0,4008.0,2331.0,0,2341.0,2350.0,3188.0,3910.0,13604.0,0,2980.0,1773.0,0,1989.0,3059.0,4410.0,0,2161.0,0,1052.0,0,1216.0,0,1207.0,1020.0,2457.0,0,1460.0,0,2286.0,1626.0,3253.0,0,2768.0,7529.0,0,5442.0,3154.0,3076.0,2863.0,3365.0,0,2308.0,3784.0,0,3751.0,3986.0,5874.0,0,7059.0,2339.0,0,3104.0,3434.0,3460.0,0,2426.0,0,2586.0,0,4018.0,4702.0,0,2825.0,4401.0,4422.0,0,3964.0,0,4135.0,4821.0,5498.0,0,6017.0,7825.0,8810.0,8996.0,0,9286.0,0,9235.0,8949.0,0,8979.0,0,8916.0,9775.0,11124.0,11663.0,0,10746.0,10428.0,0,9249.0,8836.0,0,9259.0,0,10383.0,0,9114.0,9795.0,0,8678.0,8795.0,9053.0,9960.0,0,10302.0,9812.0,10061.0,11056.0,0,13208.0,14671.0,0,12520.0,15083.0,0,14649.0,12990.0,0,12604.0,12761.0,0,13641.0,15464.0,17411.0,0,17186.0,0,17667.0,0,19045.0,20780.0,23066.0,0,0,0,0,0,19850.0,17391.0,17095.0,14397.0,0,14407.0,14790.0,0,15179.0,15067.0,14791.0,14310.0,0,14203.0,12299.0,12741.0,0,14138.0,0,13944.0,14525.0,0,15707.0,14046.0,0,14071.0,14646.0,15762.0,0,14867.0,18679.0,0,0,23495.0,16226.0,16112.0,15958.0,15489.0,14992.0,0,14544.0,0,13920.0,15009.0,0,15025.0,15706.0,0,13723.0,13978.0,14598.0,0,14668.0,12967.0,0,11582.0,12136.0,0,11530.0,12885.0,0,11747.0,11536.0,0,11458.0,10989.0,10459.0,10517.0,0,9504.0,9433.0,9456.0,9629.0,0,9695.0,0,10101.0,10016.0,9076.0,0,10321.0,8157.0,8081.0,8009.0,0,8433.0,0,7759.0,0,7519.0,7980.0,0,9305.0,7144.0,6460.0,6869.0,0,7502.0,6148.0,0,6686.0,0,8032.0,8505.0,9886.0,16934.0,0,0,8696.0,8887.0,10420.0,11055.0,14342.0,17761.0,0,0,0,0,0,0,0,13509.0,12919.0,13563.0,18560.0,0,0,0,16040.0,13824.0,14325.0,20487.0,0,0,0,13345.0,16867.0,0,0,23739.0,0,15668.0,6309.0,6282.0,5150.0,0,4502.0,0,4282.0,0,4728.0,0,4338.0,4011.0,4828.0,0,4506.0,4254.0,0,4474.0,7118.0,0,5163.0,4654.0,0,4132.0,4359.0,0,4179.0,4176.0,4102.0,4264.0,0,3760.0,3607.0,0,5143.0,3898.0,0,4018.0,3604.0,0,3953.0,5171.0,0,4686.0,4174.0,4125.0,4102.0,4493.0,4630.0,0,3793.0,0,3562.0,4618.0,4620.0,4832.0,0,4161.0,4508.0,0,4761.0,4292.0,0,4651.0,4609.0,7625.0,0,5127.0,3817.0,0,4516.0,0,4417.0,0,4892.0,0,3962.0,0,4393.0,4693.0,0,2957.0,0,4060.0,4824.0,0,3522.0,4149.0,0,4106.0,0,4949.0,4640.0,5584.0,6099.0,7417.0,0,6702.0,5832.0,5346.0,0,5621.0,5334.0,5720.0,0,6151.0,6020.0,6543.0,0,6515.0,6083.0,6798.0,0,6835.0,7367.0,7511.0,7893.0,0,9129.0,7105.0,0,7270.0,7564.0,0,9167.0,9485.0,11339.0,12071.0,17131.0,24020.0,0,0,0,22893.0,21061.0,20400.0,21780.0,0,0,0,0,0,0,0,20312.0,16887.0,13784.0,12003.0,11039.0,10744.0,9365.0,8731.0,7185.0,0,7004.0,7232.0,0,7053.0,6496.0,0,6446.0,0,6416.0,0,6745.0,0,6209.0,4905.0,5380.0,0,6287.0,5110.0,0,5748.0,5086.0,0,5680.0,5419.0,0,4849.0,5503.0,0,5410.0,5872.0,0,6365.0,5204.0,0,5145.0,0,5145.0,0,5287.0,4608.0,0,5139.0,0,4630.0,5169.0,0,4980.0,4903.0,0,5242.0,5260.0,0,5123.0,4965.0,0,4772.0,4913.0,5044.0,0,4561.0,4592.0,4929.0,5082.0,5240.0,0,5389.0,5085.0,0,5487.0,5442.0,4557.0,0,5716.0,0,5084.0,0,5261.0,0,4629.0,4383.0,0,4488.0,3925.0,4167.0,4904.0,0,4094.0,0,4428.0,4124.0,0,4345.0,4412.0,0,4619.0,4615.0,4411.0,4383.0,4988.0,0,3921.0,0,3819.0,4979.0,0,5158.0,4807.0,0,5662.0,5655.0,4783.0,0,5569.0,0,6469.0,5328.0,4967.0,5435.0,0,5482.0,0,5124.0,0,4878.0,5371.0,0,4306.0,0,4873.0,5122.0,5543.0,0,5443.0,6244.0,0,4866.0,0,5455.0,5755.0,5832.0,0,4999.0,4868.0,0,5620.0,0,6420.0,0,7161.0,6714.0,5870.0,6284.0,6649.0,0,6390.0,6121.0,5516.0,0,6099.0,6080.0,5742.0,0,6042.0,5778.0,5473.0,0,5452.0,0,6062.0,5891.0,5856.0,0,6126.0,6305.0,0,6189.0,0,6574.0,5788.0,7407.0,8269.0,10006.0,0,9641.0,7339.0,7480.0,0,7085.0,6497.0,6799.0,7071.0,0,6897.0,6570.0,6977.0,6995.0,0,7550.0,6760.0,7117.0,0,7026.0,6977.0,7564.0,7611.0,7848.0,7966.0,8095.0,8239.0,0,8077.0,8031.0,7616.0,7937.0,0,8099.0,7983.0,0,8157.0,7458.0,7457.0,7526.0,8041.0,0,8220.0,8208.0,7842.0,7965.0,8442.0,8684.0,0,8330.0,8239.0,0,9372.0,8980.0,0,8953.0,9605.0,9814.0,0,9860.0,9463.0,9397.0,9351.0,10222.0,0,10023.0,10021.0,0,10043.0,9413.0,10577.0,0,10930.0,10890.0,0,10802.0,10776.0,10759.0,10657.0,11194.0,11294.0,0,12331.0,12338.0,12902.0,13454.0,14065.0,14182.0,14716.0,14790.0,0,15092.0,14191.0,13807.0,13750.0,12493.0,12476.0,11825.0,11953.0,0,12054.0,12041.0,12456.0,12456.0,12454.0,12376.0,12526.0,12913.0,13127.0,13484.0,0,13285.0,13267.0,13049.0,0,13080.0,12799.0,0,12359.0,12635.0,0,13544.0,13675.0,14037.0,14108.0,0,14629.0,14018.0,14367.0,0,14633.0,14591.0,15377.0,15384.0,15549.0,15645.0,15830.0,15903.0,15963.0,0,16848.0,0,17352.0,16871.0,17385.0,17744.0,18007.0,18020.0,18290.0,18470.0,19136.0,0,19217.0,19396.0,19495.0,20819.0,21294.0,22765.0,23889.0,0,0,0,0,0,0,0,0,0,0,0,0,0,0,0,0,0,0,0,0,0,0,0,0,0,0,0,0,0,0,0,0,0,0,0,0,0,0,0,0,0,0,0,0,0,0,0,0,0,0,0,0,0,0,0,0,0,0,0,0,0,0,0,0,0,0,0,0,0,0,0,0,0,0,0,0,0,0,0,0,0,0,0,0,0,0,0,0,0,0,0,0,0,0,0,0,0,0,0,0,0,0,0,0,0,0,0,0,0,0,0,0,0,0,0,0,0,0,0,0,0,0,0,0,0,0,0,0,0,0,0,0,0,0,0,0,0,0,0,0,0,0,0,0,0,0,0,0,0,0,0,0,0,0,0,0,0,0,0,0,0,0,0,0,0,0,0,0,0,0,0,0,0,0,0,0,0,0,0,0,0,0,0,0,0,0,0,0,0,0,0,0,0,0,0,0,0,0,0,0,0,0,0,0,0,0,0,0,0,0,0,0,0,0,0,0,0,0,0,0,0,0,0,0,0,0,0,0,0,0,0,0,0,0,0,0,0,0,0,0,0,0,0,0,0,0,0,0,0,0,0,0,0,0,0,0,0,0,0,0,0,0,0,0,0,0,0,0,0,0,0,0,0,0,0,0,0,0,0,0,0,0,0,0,0,0,0,0,0,0,0,0,0,0,0,0,0,0,0,0,0,0,0,0,0,0,0,0,0,0,0,0,0,0,0,0,0,0,0,0,0,0,0,0,0,0,0,0,0,0,0,0,0,0,0,0,0,0,0,0,0,0,0,0,0,0,0,0,0,0,0,0,0,0,0,0,0,0,0,0,0,0,0,0,0,0,0,0,0,0,0,0,0,0,0,0,0,0,0,0,0,0,0,0,0,0,0,0,0,0,0,0,0,0,0,0,0,0,0,0,0,0,0,0,0,0,0,0,0,0,0,0,0,0,0,0,0,0,0,0,0,0,0,0,0,0,0,0,0,0,0,0,0,0,0,0,0,0,0,0,0,0,0,0,0,0,0,0,0,0,0,0,0,0,0,0,0,0,0,0,0,0,0,0,0,0,0,0,0,0,0,0,0,0,0,0,0,0,0,0,0,0,0,0,0,0,0,0,0,0,0,0,0,0,0,0,0,0,0,0,0,0,0,0,0,0,0,0,0,0,0,0,0,0,0,0,0,0,0,0,0,0,0,0,0,0,0,0,0,0,0,0,0,0,0,0,0,0,0,0,0,0,0,0,0,0,0,0,0,0,0,0,0,0,0,0,0,0,0,0,0,0,0,0,0,0,0,0,0,0,0,0,0,0,0,0,0,0,0,0,0,0,0,0,0,0,0,0,0,0,0,0,0,0,0,0,0,0,0,0,0,0,0,0,0,0,0,0,0,0,0,0,0,0,0,0,0,0,0,0,0,0,0,0,0,0,0,0,0,0,0,0,0,0,0,0,0,0,0,0,0,0,0,0,0,0,0,0,0,0,0,0,0,0,0,0,0,0,0,0,0,0,0,0,0,0,0,0,0,0,0,0,0,0,0,0,0,0,0,0,0,0,0,0,0,0,0,0,0,0,0,0,0,0,0,0,0,0,0,0,0,0,0,0,0,0,0,0,0,0,0,0,0,0,0,0,0,0,0,0,0,0,0,0,0,0,0,0,0,0,0,0,0,0,0,0,0,0,0,0,0,0,0,0,0,0,0,0,0,0,0,0,0,0,0,0,0,0,0,0,0,0,0,0,0,0,0,0,0,0,0,0,0,0,0,0,0,0,0,23348.0,23593.0,23972.0,0,23117.0,21997.0,22246.0,0,21496.0,0,21651.0,21446.0,21177.0,21695.0,0,21725.0,21375.0,20428.0,19761.0,0,19708.0,0,19677.0,20372.0,0,19655.0,18644.0,18078.0,0,18237.0,17929.0,18770.0,0,18373.0,17944.0,18281.0,18390.0,18733.0,0,17553.0,16884.0,17609.0,17752.0,0,17326.0,17951.0,18228.0,18399.0,0,17277.0,17253.0,0,17299.0,0,16473.0,0,16074.0,15486.0,0,16612.0,0,16500.0,0,16036.0,16483.0,0,15645.0,0,15648.0,0,15859.0,0,15180.0,15435.0,0,16087.0,0,16009.0,0,16334.0,16350.0,0,15945.0,16496.0,16801.0,0,17109.0,16933.0,16963.0,0,16699.0,16432.0,15875.0,15611.0,15818.0,0,15292.0,14452.0,15090.0,15544.0,0,14834.0,15773.0,0,14111.0,0,13756.0,14432.0,14543.0,0,13409.0,0,15086.0,0,15003.0,16271.0,0,15943.0,15729.0,0,14981.0,14909.0,14846.0,15071.0,0,14482.0,0,14853.0,13791.0,13682.0,0,13516.0,0,13528.0,0,13128.0,12863.0,0,13240.0,13065.0,13978.0,0,14138.0,13235.0,12731.0,0,12652.0,0,12834.0,12687.0,13373.0,0,12685.0,0,12015.0,0,12769.0,12462.0,0,12088.0,0,12799.0,12180.0,0,12823.0,0,12087.0,12178.0,0,12853.0,13237.0,0,12388.0,0,11918.0,11560.0,0,11045.0,0,11734.0,13336.0,0,11416.0,0,11430.0,0,11016.0,0,11622.0,0,11665.0,11801.0,0,10920.0,0,12037.0,0,11905.0,11080.0,11354.0,11813.0,0,9779.0,0,10458.0,0,10484.0,0,11163.0,10674.0,10890.0,10971.0,0,10242.0,0,10302.0,0,10123.0,0,10565.0,9707.0,9811.0,10330.0,10417.0,10725.0,0,8282.0,0,10322.0,10700.0,0,10195.0,0,9409.0,10300.0,0,10452.0,0,10354.0,12155.0,12436.0,13880.0,17864.0,0,0,0,0,0,20173.0,13506.0,11652.0,10655.0,10375.0,9128.0,0,9383.0,9275.0,0,8837.0,0,10517.0,13048.0,16493.0,0,0,0,14005.0,10526.0,0,9519.0,0,10089.0,11319.0,11361.0,0,12647.0,9320.0,9271.0,9359.0,0,9854.0,13358.0,14514.0,0,0,0,0,0,14574.0,12268.0,10245.0,9835.0,9072.0,0,8280.0,7896.0,7416.0,0,9343.0,12679.0,17614.0,0,0,9306.0,8905.0,8723.0,6705.0,0,6041.0,0,7411.0,0,6610.0,0,6104.0,7224.0,0,6495.0,6546.0,0,6691.0,0,5801.0,0,6820.0,0,5917.0,0,5607.0,6568.0,0,6201.0,6485.0,7050.0,7441.0,9552.0,12522.0,19379.0,0,0,0,15836.0,10752.0,7525.0,10327.0,0,10542.0,11111.0,19421.0,0,0,8886.0,5005.0,0,4985.0,0,5696.0,5074.0,4148.0,0,5151.0,4661.0,4799.0,4870.0,5080.0,0,4169.0,0,4827.0,4375.0,0,4379.0,0,4078.0,0,4786.0,0,3173.0,0,3754.0,0,3812.0,0,3714.0,0,3474.0,3363.0,3734.0,0,3606.0,0,4261.0,2152.0,0,3600.0,0,4608.0,6136.0,0,4637.0,2757.0,0,3492.0,3190.0,3881.0,0,2908.0,2908.0,0,3551.0,0,3198.0,0,2915.0,3162.0,0,2561.0,3539.0,0,3305.0,2331.0,0,3389.0,2746.0,3255.0,0,2635.0,3769.0,0,3708.0,3401.0,0,4911.0,4088.0,3046.0,3494.0,3974.0,0,4050.0,4034.0,3958.0,3843.0,3464.0,0,3196.0,0,3195.0,3610.0,4231.0,0,2242.0,0,2436.0,0,2501.0,0,2890.0,2939.0,0,3296.0,0,2153.0,0,2408.0,3226.0,0,3499.0,0,2653.0,0,3005.0,2907.0,0,3684.0,2567.0,3208.0,3805.0,4675.0,0,5913.0,4152.0,2369.0,3552.0,0,2147.0,3010.0,0,2743.0,0,2558.0,0,2877.0,2892.0,0,2959.0,1886.0,0,2079.0,2965.0,0,2495.0,0,2881.0,1463.0,3251.0,0,1520.0,2673.0,2795.0,0,1975.0,2454.0,2871.0,2897.0,0,3872.0,3396.0,2781.0,3613.0,4535.0,0,3536.0,2804.0,1655.0,2544.0,0,2902.0,0,2587.0,2549.0,1822.0,0,2152.0,0,1068.0,0,2234.0,0,2393.0,2462.0,0,2666.0,3074.0,0,2619.0,0,1708.0,0,2031.0,0,1398.0,1574.0,0,2732.0,2453.0,0,2370.0,2002.0,0,2989.0,0,3043.0,2003.0,1986.0,2566.0,0,1769.0,0,2610.0,0,2352.0,0,2256.0,2226.0,0,2361.0,0,2593.0,2214.0,2258.0,0,2650.0,2050.0,2296.0,0,2291.0,1507.0,1988.0,2591.0,0,2368.0,0,1812.0,0,2118.0,2707.0,0,2778.0,1511.0,2121.0,0,2172.0,1932.0,1711.0,0,2244.0,2358.0,0,2193.0,1905.0,0,2309.0,2744.0,0,2077.0,0,2440.0,0,2516.0,2043.0,2564.0,0,1285.0,0,2301.0,0,2158.0,0,2317.0,0,2637.0,2622.0,1634.0,0,1103.0,0,1456.0,0,2010.0,2746.0,2761.0,2794.0,2834.0,0,1876.0,0,2855.0,2181.0,1740.0,0,1706.0,0,2074.0,0,2141.0,1927.0,2119.0,2392.0,0,1720.0,1837.0,0,1719.0,0,2028.0,2215.0,0,2390.0,0,2622.0,0,2815.0,2799.0,0,2131.0,0,1991.0,1920.0,0,2528.0,2352.0,0,2553.0,2495.0,2369.0,0,2477.0,2873.0,0,2571.0,0,2647.0,0,1678.0,0,1991.0,0,2289.0,2672.0,3146.0,0,2356.0,3164.0,0,1953.0,2670.0,0,3345.0,2560.0,2155.0,2584.0,0,2614.0,2045.0,2068.0,2360.0,2550.0,0,2440.0,3645.0,0,3195.0,4095.0,5695.0,8174.0,11543.0,20175.0,0,0,0,0,0,23375.0,10274.0,7471.0,5634.0,4555.0,4207.0,2717.0,2638.0,2718.0,3016.0,3356.0,0,3036.0,0,4051.0,6897.0,9234.0,17054.0,0,7779.0,4377.0,3001.0,3058.0,0,2928.0,2286.0,0,3037.0,2213.0,2420.0,0,2354.0,1858.0,0,1422.0,0,1551.0,1670.0,1803.0,0,1991.0,1848.0,0,1572.0,0,1437.0,1325.0,1649.0,0,1618.0,1157.0,1852.0,0,914.0,1810.0,0,1574.0,1345.0,1776.0,0,1567.0,0,1723.0,1626.0,0,1636.0,2069.0,2227.0,0,1525.0,1399.0,0,1060.0,0,1790.0,0,1148.0,0,1168.0,0,1299.0,0,1132.0,1105.0,556.0,0,477.0,1370.0,0,1227.0,0,1339.0,1094.0,0,1637.0,1443.0,1152.0,0,321.0,611.0,914.0,1013.0,1159.0,0,1166.0,0,1524.0,0,848.0,1091.0,0,1025.0,0,687.0,0,1246.0,1138.0,1122.0,1104.0,485.0,1016.0,0,1037.0,0,738.0,0,1105.0,1071.0,717.0,0,0,0,446.0,0,604.0,231.0,602.0,0,159.0,296.0,0,680.0,0,1525.0,312.0,0,610.0,0,384.0,444.0,471.0,620.0,888.0,0,688.0,792.0,794.0,0,528.0,0,758.0,479.0,0,584.0,1168.0,0,354.0,0,289.0,0,828.0,621.0,1007.0,0,566.0,608.0,756.0,0,304.0,0,450.0,280.0,840.0,0,505.0,0,351.0,0,540.0,0,685.0,328.0,1285.0,0,680.0,0,361.0,534.0,741.0,0,556.0,0,493.0,0,769.0,0,331.0,66.0,0,578.0,364.0,499.0,0,1867.0,830.0,0,1552.0,1413.0,1381.0,591.0,756.0,0,695.0,1268.0,0,1060.0,0,2111.0,1228.0,2168.0,2454.0,0,1907.0,1914.0,2198.0,0,2095.0,3023.0,0,2775.0,2613.0,0,2615.0,2523.0,0,3145.0,3209.0,0,3356.0,3125.0,3557.0,4021.0,0,3715.0,3271.0,3672.0,3820.0,3921.0,0,4663.0,4219.0,4682.0,4862.0,0,4565.0,0,4695.0,4222.0,0,4537.0,4471.0,0,4372.0,4832.0,0,4398.0,5168.0,5250.0,0,5494.0,5726.0,0,5315.0,0,6222.0,5718.0,6231.0,6444.0,0,5604.0,0,6508.0,5811.0,6479.0,0,6532.0,6489.0,6803.0,6868.0,6877.0,6904.0,0,7642.0,6925.0,0,7128.0,7034.0,0,7567.0,7734.0,0,7678.0,7985.0,0,7449.0,8099.0,8230.0,8368.0,0,8576.0,8645.0,8755.0,9173.0,9444.0,0,9455.0,9333.0,9576.0,0,9511.0,9226.0,9194.0,8949.0,9490.0,9722.0,9929.0,10128.0,10513.0,0,10543.0,10348.0,10256.0,10250.0,0,10194.0,10425.0,10781.0,0,10360.0,10339.0,11017.0,11314.0,0,11417.0,11023.0,11374.0,11463.0,0,11440.0,11766.0,11790.0,0,11268.0,11222.0,11238.0,0,11552.0,11567.0,11571.0,11596.0,12215.0,0,12114.0,0,12199.0,0,11844.0,0,12054.0,12061.0,12108.0,12677.0,0,13001.0,0,12981.0,12483.0,0,12643.0,12656.0,0,12828.0,13248.0,0,13034.0,13250.0,13312.0,13751.0,0,13782.0,13845.0,14654.0,15386.0,0,14893.0,14373.0,13971.0,13858.0,13651.0,0,14225.0,14256.0,0,14413.0,0,14350.0,14275.0,0,14618.0,14531.0,0,14458.0,14424.0,0,14890.0,15089.0,15263.0,15322.0,0,15489.0,15418.0,15341.0,15224.0,15242.0,0,15433.0,15344.0,15250.0,15518.0,15699.0,15722.0,15988.0,0,16105.0,16105.0,16045.0,15748.0,15875.0,15922.0,0,16357.0,16200.0,15774.0,0,16395.0,16373.0,16349.0,16052.0,16020.0,0,15747.0,0,16281.0,16551.0,16886.0,17214.0,0,17134.0,17010.0,16911.0,0,16767.0,0,16997.0,0,16886.0,16762.0,16786.0,0,16881.0,17100.0,17347.0,17421.0,17642.0,17784.0,17962.0,18127.0,0,18143.0,18410.0,19088.0,19282.0,19476.0,20160.0,21756.0,22079.0,23397.0,0,0,0,0,0,0,0,0,0,0,0,0,0,0,0,0,22940.0,22548.0,21808.0,21246.0,20506.0,0,20520.0,20286.0,20424.0,0,20563.0,20498.0,20497.0,20641.0,0,20666.0,20624.0,20738.0,21049.0,21199.0,0,21209.0,0,21047.0,20805.0,20634.0,20506.0,20392.0,20547.0,20823.0,21341.0,0,21090.0,0,21084.0,21119.0,0,21183.0,21443.0,0,21125.0,20832.0,20722.0,20868.0,21132.0,21314.0,21361.0,21590.0,21795.0,22065.0,22139.0,0,21781.0,21747.0,21947.0,0,22045.0,22178.0,23044.0,23415.0,0,24068.0,0,0,0,0,0,0,0,0,0,0,0,0,0,0,0,0,0,0,0,0,0,0,0,0,0,0,0,0,0,0,0,0,0,0,0,0,0,0,23868.0,23368.0,23019.0,22947.0,0,22493.0,22341.0,22519.0,22667.0,0,22914.0,22838.0,22847.0,0,22791.0,22901.0,22924.0,23165.0,23333.0,23611.0,0,0,0,0,23864.0,23597.0,23610.0,23708.0,0,23695.0,24028.0,0,0,0,0,0,0,0,0,0,0,0,0,0,0,0,0,0,0,0,0,0,0,0,0,0,0,0,0,0,0,0,0,0,0,0,0,0,0,0,0,0,0,0,0,0,0,0,0,0,0,0,0,0,0,0,0,0,0,0,0,0,0,0,0,0,0,0,0,0,0,0,0,0,0,0,0,0,0,0,0,0,0,0,0,0,0,0,0,0,0,0,0,0,0,0,0,0,0,0,0,0,0,0,0,0,0,0,0,0,0,0,0,0,0,0,0,0,0,0,0,0,0,0,0,0,0,0,0,0,0,0,0,0,0,0,0,0,0,0,0,0,0,0,0,0,0,0,0,23948.0,23732.0,0,0,0,0,23508.0,23414.0,23217.0,0,22832.0,0,21635.0,22485.0,22667.0,22703.0,23350.0,23994.0,0,0,0,0,0,0,0,0,0,0,0,0,0,0,0,0,0,23847.0,0,23634.0,0,23003.0,22607.0,0,22866.0,23644.0,23810.0,0,0,0,0,0,0,0,0,0,0,0,0,0,0,0,0,0,0,23932.0,23466.0,0,23395.0,0,22568.0,23443.0,23688.0,0,22948.0,23837.0,0,23613.0,23186.0,22721.0,0,0,0,0,0,0,0,0,0,0,0,0,0,0,0,0,0,0,0,0,0,0,0,0,0,23156.0,23490.0,0,22333.0,0,23302.0,0,22067.0,0,22850.0,21986.0,21196.0,0,21965.0,21527.0,20643.0,20753.0,0,20503.0,19677.0,0,20563.0,19331.0,19241.0,0,19852.0,18601.0,20588.0,21201.0,0,20797.0,20325.0,19943.0,18720.0,19839.0,0,19755.0,21081.0,21890.0,0,0,0,0,20407.0,19360.0,19670.0,23374.0,0,0,18846.0,0,18091.0,18685.0,0,18606.0,16444.0,0,17794.0,17287.0,16981.0,0,16258.0,16595.0,16696.0,0,16044.0,0,16669.0,0,15299.0,0,15301.0,0,15208.0,15259.0,0,15593.0,18054.0,0,15265.0,14761.0,14090.0,15614.0,17036.0,0,15667.0,15450.0,14612.0,0,13726.0,0,13603.0,0,14215.0,0,13403.0,0,13657.0,0,13864.0,0,13847.0,14185.0,0,13895.0,13596.0,0,14570.0,19054.0,0,13330.0,0,13351.0,0,13065.0,13197.0,0,12529.0,12647.0,12706.0,0,12687.0,0,12505.0,0,12715.0,12914.0,0,12292.0,11780.0,0,11810.0,12820.0,13364.0,0,11894.0,0,12153.0,0,12437.0,12726.0,0,13631.0,12799.0,0,14644.0,17748.0,0,0,0,20205.0,14761.0,14256.0,14509.0,0,14017.0,0,13087.0,12840.0,0,12776.0,0,12827.0,12783.0,14554.0,0,12715.0,12386.0,0,11881.0,0,12591.0,0,12017.0,12286.0,12317.0,0,13446.0,12353.0,0,12497.0,12081.0,0,11623.0,0,11556.0,0,11470.0,0,11139.0,0,11703.0,0,11337.0,0,11391.0,11013.0,11134.0,11134.0,0,11408.0,11348.0,10385.0,11079.0,11537.0,11981.0,0,11684.0,0,11170.0,10722.0,10776.0,0,10806.0,10806.0,10597.0,0,11385.0,10610.0,10812.0,0,10547.0,11150.0,0,11096.0,10098.0,0,9737.0,0,10430.0,10166.0,0,9596.0,9938.0,0,10463.0,9840.0,10101.0,0,9544.0,9585.0,10191.0,0,10134.0,9516.0,0,9651.0,9895.0,0,9534.0,0,10026.0,9935.0,10641.0,0,9643.0,0,8902.0,9164.0,9809.0,9821.0,0,9920.0,0,9410.0,9212.0,9495.0,0,9681.0,0,9507.0,0,10228.0,9533.0,0,9475.0,8828.0,0,9045.0,8795.0,0,9430.0,0,9576.0,9189.0,0,8935.0,0,8825.0,0,9585.0,9366.0,0,8748.0,0,8909.0,0,9404.0,0,8795.0,8904.0,0,9316.0,8938.0,0,8754.0,0,8636.0,0,8471.0,0,8881.0,10046.0,0,9206.0,8866.0,0,7755.0,0,8911.0,8894.0,8539.0,0,8414.0,8323.0,8423.0,8944.0,0,8705.0,8749.0,0,8977.0,0,8561.0,8825.0,0,8819.0,8783.0,8536.0,8266.0,0,8612.0,8617.0,9181.0,0,8581.0,8848.0,0,8424.0,8737.0,9248.0,0,9206.0,0,9066.0,8441.0,0,9126.0,8582.0,9075.0,0,9222.0,0,8343.0,9131.0,0,9281.0,0,9051.0,0,9027.0,8988.0,0,9719.0,0,9940.0,0,9878.0,0,10533.0,10459.0,9614.0,9754.0,10361.0,0,10638.0,0,10500.0,10724.0,10881.0,10920.0,11210.0,0,10980.0,0,11747.0,11203.0,11587.0,12613.0,12706.0,0,12522.0,0,13244.0,0,13601.0,0,13451.0,14348.0,14812.0,0,14783.0,14972.0,15155.0,15171.0,16231.0,0,16662.0,0,17696.0,0,18964.0,0,19342.0,21221.0,21816.0,23067.0,23597.0,0,0,0,0,0,0,0,0,0,0,0,0,0,0,0,0,0,0,0,0,0,0,0,0,0,0,0,0,0,0,0,0,0,0,0,0,0,0,0,0,0,0,0,0,0,0,0,0,0,0,0,0,0,0,0,0,0,0,0,0,0,0,0,0,0,0,0,0,0,0,0,0,0,0,0,0,0,0,0,23187.0,21655.0,0,21301.0,20297.0,19912.0,19189.0,18349.0,17410.0,0,16885.0,16397.0,16398.0,0,14790.0,0,14052.0,0,14634.0,13619.0,0,13468.0,12656.0,13240.0,13446.0,0,12885.0,11832.0,0,12154.0,11407.0,11753.0,12155.0,0,11785.0,11545.0,11442.0,10017.0,0,10450.0,0,10451.0,9148.0,0,10576.0,10257.0,8747.0,0,9860.0,0,9250.0,9011.0,9948.0,0,10524.0,10130.0,9873.0,9046.0,9012.0,8950.0,7941.0,0,8888.0,8642.0,8475.0,0,8876.0,9863.0,12048.0,13470.0,21580.0,0,0,0,14567.0,10634.0,9726.0,8938.0,8754.0,8542.0,7337.0,0,7430.0,0,6813.0,7099.0,0,7176.0,6895.0,0,7813.0,6978.0,7036.0,0,6758.0,6591.0,0,6979.0,6316.0,6409.0,6737.0,0,6964.0,6785.0,6571.0,6323.0,6935.0,0,6303.0,6271.0,6463.0,0,6094.0,0,6637.0,6492.0,6637.0,6637.0,5413.0,0,6718.0,0,5849.0,5772.0,5228.0,5120.0,5058.0,0,5249.0,0,5805.0,0,5481.0,5591.0,0,5322.0,3590.0,0,5545.0,5530.0,5418.0,0,5832.0,4941.0,0,5000.0,0,4565.0,5121.0,0,5280.0,4998.0,5407.0,0,4958.0,0,4957.0,0,4254.0,0,4876.0,0,4977.0,4505.0,4841.0,0,5172.0,0,5273.0,4660.0,4450.0,0,4960.0,0,5197.0,0,4153.0,0,5251.0,5003.0,0,5011.0,4072.0,4230.0,4442.0,0,4704.0,0,3982.0,3869.0,4061.0,4720.0,0,4397.0,3901.0,0,5128.0,4047.0,4343.0,0,3131.0,0,4737.0,0,4928.0,4435.0,3978.0,0,5745.0,5598.0,7298.0,12209.0,0,0,0,8946.0,4872.0,0,4046.0,0,4867.0,4108.0,3609.0,0,3216.0,0,4287.0,0,3789.0,0,3973.0,0,3878.0,3852.0,4003.0,0,3929.0,3440.0,3875.0,0,4209.0,3912.0,3286.0,4152.0,0,4056.0,3123.0,0,3455.0,0,3651.0,3178.0,0,4055.0,3936.0,3803.0,3622.0,0,3178.0,0,3032.0,3252.0,0,3155.0,3982.0,0,3887.0,0,3400.0,0,4092.0,3341.0,2978.0,3473.0,0,3588.0,3017.0,0,2674.0,2970.0,3170.0,0,2489.0,0,3032.0,3103.0,0,2531.0,0,2494.0,3266.0,3309.0,0,1543.0,0,2959.0,2935.0,0,2865.0,0,1959.0,2707.0,2734.0,0,2608.0,0,3044.0,0,2894.0,3239.0,0,3335.0,2190.0,3034.0,0,2557.0,0,2814.0,1825.0,0,2605.0,0,3084.0,0,2097.0,2550.0,0,2384.0,1696.0,0,2993.0,3067.0,0,3671.0,2760.0,3311.0,0,2855.0,0,2580.0,0,3114.0,2954.0,0,3022.0,2659.0,2299.0,0,2633.0,0,2821.0,0,1926.0,0,2599.0,2576.0,0,2861.0,2936.0,0,2860.0,0,2417.0,0,2037.0,0,1635.0,0,2222.0,0,2481.0,0,2456.0,2685.0,3152.0,0,3306.0,2784.0,0,2596.0,2321.0,0,2342.0,0,2839.0,2380.0,2590.0,0,3068.0,4708.0,0,4077.0,3093.0,2746.0,2129.0,0,1855.0,0,2414.0,2636.0,0,2390.0,2544.0,0,2673.0,0,2781.0,0,2959.0,0,3207.0,0,3167.0,3537.0,3640.0,0,3739.0,4807.0,4858.0,0,3933.0,4261.0,4432.0,0,4089.0,0,4342.0,3377.0,4375.0,5731.0,0,5764.0,4574.0,5439.0,5629.0,0,6073.0,6841.0,7143.0,0,8207.0,9798.0,11565.0,17915.0,0,0,0,0,0,0,0,0,0,23535.0,0,0,0,0,0,0,0,0,0,0,0,19886.0,15897.0,13774.0,10799.0,9298.0,8635.0,7969.0,6933.0,0,6000.0,0,5142.0,0,4630.0,0,4936.0,0,3729.0,0,3826.0,0,3908.0,4075.0,0,3821.0,3810.0,0,3628.0,0,3224.0,0,3256.0,3154.0,0,3537.0,0,3292.0,0,3392.0,3214.0,3659.0,0,3050.0,2568.0,0,2727.0,0,3158.0,2978.0,3004.0,3010.0,0,3033.0,0,2870.0,2777.0,2727.0,2009.0,0,3338.0,3308.0,2235.0,0,2414.0,0,2934.0,3138.0,0,1831.0,2478.0,3089.0,0,3344.0,1737.0,0,2246.0,0,3117.0,1760.0,1510.0,0,1142.0,0,1637.0,0,2487.0,1759.0,0,2116.0,1783.0,0,1993.0,0,2556.0,0,2047.0,2241.0,0,2667.0,2371.0,2188.0,0,2519.0,1661.0,0,1580.0,0,1821.0,0,2390.0,1185.0,0,2629.0,2082.0,0,2238.0,1909.0,1845.0,1343.0,1634.0,0,1481.0,0,1387.0,0,1558.0,1792.0,0,1820.0,1995.0,2418.0,0,3196.0,1624.0,1475.0,2036.0,2595.0,0,1693.0,1944.0,0,1836.0,0,2265.0,1849.0,2270.0,0,1820.0,1913.0,0,1648.0,1308.0,0,1875.0,1775.0,0,1903.0,0,2017.0,2014.0,2023.0,2580.0,0,1524.0,805.0,1331.0,1389.0,2424.0,0,2364.0,2187.0,0,1162.0,0,1491.0,0,1675.0,750.0,1636.0,1823.0,2084.0,0,1912.0,1710.0,735.0,0,2773.0,1547.0,2141.0,0,1953.0,0,2423.0,1526.0,0,2324.0,0,2947.0,2257.0,1592.0,1854.0,0,1726.0,0,923.0,1421.0,0,1511.0,1675.0,1983.0,0,2018.0,1396.0,1982.0,0,1300.0,0,736.0,1260.0,0,925.0,1379.0,0,1623.0,0,1538.0,864.0,1614.0,0,1393.0,0,1079.0,0,1482.0,0,2218.0,2121.0,2957.0,0,1894.0,808.0,757.0,1241.0,1474.0,0,1965.0,3855.0,6552.0,0,2165.0,1918.0,634.0,0,2302.0,1297.0,0,1482.0,0,1911.0,989.0,1744.0,0,1667.0,1602.0,0,989.0,1660.0,0,1569.0,776.0,1508.0,1723.0,0,1178.0,955.0,1187.0,0,1086.0,1724.0,0,2258.0,1804.0,0,1638.0,0,1431.0,0,1337.0,1508.0,0,898.0,0,977.0,773.0,0,1323.0,0,752.0,0,978.0,0,837.0,0,1095.0,1422.0,1545.0,0,1651.0,1471.0,1440.0,1243.0,977.0,1755.0,2762.0,2870.0,3442.0,0,4627.0,1407.0,783.0,0,1255.0,0,1473.0,480.0,0,709.0,1270.0,0,1554.0,0,1117.0,0,1063.0,0,902.0,1379.0,1886.0,0,2872.0,4949.0,7317.0,0,4555.0,1352.0,814.0,0,1053.0,1354.0,0,1320.0,918.0,0,1005.0,0,1028.0,0,1001.0,1820.0,0,2129.0,2502.0,5745.0,9981.0,15001.0,0,18349.0,4310.0,1718.0,1484.0,1696.0,1883.0,0,1007.0,0,1608.0,1730.0,0,397.0,1206.0,0,309.0,0,1805.0,0,2379.0,2145.0,931.0,704.0,0,489.0,0,0,728.0,1021.0,1166.0,0,1366.0,1307.0,917.0,1149.0,0,1059.0,1539.0,1720.0,0,646.0,980.0,1100.0,0,955.0,0,1088.0,995.0,0,1176.0,0,723.0,0,944.0,0,1394.0,625.0,1427.0,0,903.0,0,914.0,825.0,0,1610.0,0,0,891.0,0,1313.0,1270.0,773.0,0,1276.0,1254.0,0,1248.0,1297.0,1729.0,0,1000.0,1631.0,0,1507.0,0,455.0,832.0,0,1216.0,584.0,0,0,0,147.0,0,1641.0,1067.0,589.0,0,1194.0,0,378.0,0,749.0,1631.0,0,1107.0,1324.0,0,851.0,0,771.0,1143.0,0,1089.0,1169.0,0,919.0,0,833.0,0,726.0,1542.0,1551.0,2967.0,0,2851.0,1940.0,2036.0,0,2065.0,3035.0,4619.0,6491.0,8696.0,12738.0,0,9031.0,3500.0,2009.0,0,2318.0,2154.0,2843.0,0,1653.0,1993.0,2534.0,0,1772.0,0,2158.0,0,2028.0,0,1721.0,1679.0,1158.0,0,1560.0,0,1772.0,0,1623.0,2747.0,2819.0,3087.0,0,1994.0,1894.0,0,1388.0,889.0,1315.0,0,1194.0,1295.0,1851.0,0,1394.0,0,1556.0,1664.0,2184.0,0,840.0,0,1616.0,0,1742.0,0,1882.0,0,2131.0,2069.0,1347.0,0,1924.0,1306.0,1155.0,0,1344.0,1991.0,0,1332.0,0,1732.0,1473.0,0,833.0,0,1310.0,0,1291.0,0,659.0,0,1231.0,1302.0,0,1181.0,829.0,0,783.0,0,1298.0,0,667.0,1108.0,0,1134.0,1087.0,617.0,1007.0,0,1396.0,1265.0,1356.0,1361.0,0,1693.0,1615.0,1522.0,1465.0,1422.0,1408.0,1016.0,1066.0,0,1275.0,1003.0,1282.0,0,817.0,817.0,1035.0,1074.0,1128.0,1336.0,0,722.0,618.0,0,793.0,489.0,528.0,658.0,967.0,0,595.0,601.0,749.0,844.0,1017.0,1062.0,0,1021.0,1015.0,610.0,653.0,744.0,756.0,842.0,1556.0,0,318.0,338.0,696.0,829.0,0,713.0,681.0,383.0,386.0,0,738.0,450.0,945.0,0,1027.0,956.0,444.0,231.0,0,521.0,0,1032.0,0,872.0,870.0,713.0,997.0,0,1099.0,837.0,553.0,550.0,0,579.0,561.0,745.0,0,509.0,480.0,34.0,209.0,0,868.0,798.0,0,805.0,0,772.0,279.0,416.0,588.0,620.0,703.0,836.0,0,716.0,688.0,652.0,0,641.0,722.0,768.0,0,1024.0,369.0,1119.0,0,561.0,301.0,0,821.0,110.0,51.0,226.0,390.0,409.0,1087.0,1089.0,0,1028.0,720.0,1044.0,1279.0,0,1343.0,1234.0,1131.0,691.0,604.0,435.0,322.0,393.0,477.0,568.0,0,536.0,463.0,273.0,280.0,563.0,592.0,0,410.0,246.0,478.0,506.0,579.0,0,90.0,224.0,0,392.0,286.0,459.0,0,444.0,395.0,107.0,124.0,301.0,0,542.0,364.0,309.0,352.0,0,322.0,0,413.0,175.0,156.0,182.0,405.0,791.0,1208.0,0,617.0,613.0,442.0,0,261.0,112.0,0,46.0,36.0,0,0,294.0,0,263.0,792.0,0,506.0,491.0,251.0,18.0,89.0,0,396.0,0,0,0,309.0,449.0,556.0,0,87.0,81.0,119.0,158.0,0,174.0,118.0,15.0,17.0,691.0,0,212.0,0,0,106.0,124.0,0,275.0,93.0,157.0,219.0,231.0,283.0,777.0,0,147.0,0,98.0,0,580.0,0,0,385.0,0,682.0,342.0,261.0,233.0,216.0,182.0,0,144.0,169.0,199.0,0,233.0,167.0,157.0,153.0,152.0,166.0,0,195.0,0,0,97.0,0,317.0,0,409.0,0,0,0,0,0,0,340.0,98.0,40.0,67.0,105.0,216.0,0,431.0,0,0,259.0,0,502.0,314.0,295.0,111.0,56.0,7.0,0,0,0,0,201.0,0,157.0,62.0,26.0,47.0,89.0,327.0,0,98.0,0,0,0,0,0,0,93.0,0,290.0,76.0,35.0,0,0,32.0,0,0,0,0,224.0,317.0,453.0,0,246.0,0,0,518.0,0,476.0,0,0,171.0,0,256.0,0,0,183.0,76.0,0,0,0,0,442.0,0,618.0,466.0,0,0,0,0,0,59.0,0,0,0,0,0,164.0,0,0,10.0,57.0,0,0,342.0,0,540.0,0,346.0,0,0,0,29.0,0,476.0,0,600.0,476.0,0,433.0,0,0,0,0,0,0,341.0,0,0,0,0,0,0,225.0,0,0,0,0,0,532.0,269.0,0,0,101.0,0,0,0,0,11.0,137.0,362.0,0,0,89.0,0,228.0,665.0,0,134.0,582.0,0,301.0,0,0,121.0,0,508.0,0,0,101.0,0,0,0,0,115.0,0,36.0,102.0,0,0,48.0,0,0,777.0,0,0,392.0,0,0,0,0,0,0,0,0,0,0,0,0,51.0,0,131.0,0,0,0,247.0,0,0,0,16.0,0,349.0,0,0,0,0,2.0,0,273.0,0,0,0,378.0,0,187.0,0,37.0,289.0,0,0,0,0,0,52.0,0,61.0,0,0,0,0,0,0,0,65.0,0,0,0,0,0,318.0,0,0,0,0,569.0,0,0,0,0,58.0,0,0,0,0,329.0,262.0,44.0,0,0,0,0,0,0,0,0,0,0,0,0,0,0,0,0,0,0,0,0,196.0,0,0,0,0,0,0,79.0,0,0,467.0,0,78.0,0,0,0,0,0,121.0,0,0,0,0,0,0,0,0,0.0,0,0,0,0,0,0,0,123.0,0,0,0,0,0,0,0,0,0,0,0,0,0,0,0,0,0,0,0,0,0,0,0,0,0,0,0,0,0,0,0,0,0,0,0,0,0,0,0,31.0,0,0,0,0,0,0,0,0,0,0,0,0,20.0,53.0,53.0,138.0,0,0,0,0,24.0,0,0,0,0,0,0,0,0,0,0,0,124.0,331.0,0,194.0,0,0,281.0,0,294.0,0,0,0,0,0,0,0,0,0,0,0,175.0,0,54.0,0,125.0,0,103.0,0,0,0,0,0,0,66.0,0,103.0,0,71.0,0,0,145.0,0,0,0,257.0,0,0,0,0,162.0,0,0,0,0,0,0,0,0,0,0,0,0,0,0,0,0,0,0,0,0,0,0,0,0,0,0,0,0,0,0,0,0,126.0,0,0,0,0,0,0,0,0,0,0,0,0,0,0,0,0,0,0,0,0,0,0,0,0,0,0,0,0,0,0,0,0,0,0,0,0,0,0,0,0,0,0,0,0,0,0,0,0,0,0,0,0,0,0,0,0,15.0,0,0,0,0,0,0,0,0,0,0,0,0,0,0,0,0,0,0,0,0,0,0,0,0,0,0,0,0,0,0,0,0,0,0,0,0,0,0,0,0,0,0,0,0,0,0,0,0,0,0,0,0,0,0,0,0,0,0,0,0,0,0,0,0,0,0,0,0,0,0,0,0,0,0,0,0,0,0,0,0,0,0,0,0,0,0,0,0,0,0,0,0,0,0,0,0,0,0,0,0,0,0,0,0,0,0,0,0,0,0,0,0,0,0,0,0,0,0,0,0,0,0,0,0,0,0,0,0,0,0,0,0,0,0,0,0,0,0,0,0,0,0,0,0,0,0,0,0,0,0,0,0,0,0,0,0,0,0,0,0,0,0,0,0,0,0,0,0,0,0,0,0,0,0,0,0,0,0,0,0,0,0,0,0,0,0,0,0,0,0,0,0,0,0,0,0,0,0,0,0,0,0,0,0,0,0,0,0,0,0,0,0,0,0,0,0,0,0,0,0,0,0,0,0,0,0,0,0,0,0,0,0,0,0,0,0,0,0,0,0,0,0,0,0,0,0,0,0,0,0,0,0,0,0,0,0,0,0,0,0,0,0,0,0,0,0,0,0,0,0,0,0,0,0,0,0,0,0,0,0,0,0,0,0,0,0,0,0,0,0,0,0,0,0,0,0,0,0,0,338.0,0,0,0,0,0,0,0,0,0,0,0,0,0,0,0,0,0,0,0,0,0,0,0,0,0,0,0,0,0,0,0,0,0,0,0,0,0,0,0,0,0,0,0,0,0,0,0,0,0,0,0,0,0,0,0,0,0,0,0,0,0,0,0,0,0,0,0,0,0,0,0,0,0,0,0,0,0,0,0,0,0,0,0,0,0,0,0,0,0,0,0,0,0,0,0,0,0,0,0,0,0,0,0,0,0,0,0,0,0,0,0,0,0,0,0,0,0,0,0,0,0,0,0,0,0,0,0,0,0,0,0,0,0,0,0,0,0,0,0,0,0,0,0,0,0,0,0,0,0,0,0,0,0,0,0,0,0,0,0,0,0,0,0,0,0,0,0,0,0,0,0,0,0,0,0,0,0,0,0,0,0,0,0,0,0,0,0,0,0,0,0,0,0,0,0,0,0,0,0,0,0,0,0,0,0,0,0,0,0,0,0,0,0,0,0,0,0,0,0,0,0,0,0,0,0,0,0,0,0,0,0,0,0,0,0,0,0,0,0,0,0,0,0,0,0,0,0,0,0,0,0,0,0,0,0,0,0,0,0,0,0,0,0,0,0,0,0,0,0,0,0,0,0,0,0,0,0,0,0,0,0,0,0,0,0,0,0,0,0,0,0,0,0,0,0,0,0,0,0,0,0,0,0,0,0,0,0,0,0,0,0,0,0,0,0,0,0,0,0,0,0,0,0,0,0,0,0,0,0,0,0,0,0,0,0,0,0,0,0,0,0,0,0,0,0,0,0,0,0,0,0,0,0,0,0,0,0,0,0,0,0,0,0,0,0,0,0,0,0,0,0,0,0,0,0,0,0,0,0,0,0,0,0,0,0,0,0,0,0,0,0,0,0,0,0,0,0,0,0,0,0,0,0,0,0,0,0,0,0,0,0,0,0,0,0,0,0,0,0,0,0,0,0,0,0,0,0,0,0,0,0,0,0,0,0,0,0,0,0,0,0,0,0,0,0,0,0,0,0,0,0,0,0,0,0,0,0,0,0,0,0,0,0,0,0,0,0,0,0,0,0,0,0,0,0,0,0,0,0,0,0,0,0,0,0,0,0,0,0,0,0,0,0,0,0,0,0,0,0,0,0,0,0,0,0,0,0,0,0,0,0,0,0,0,0,0,0,0,0,0,0,0,0,0,0,0,0,0,0,0,0,0,0,0,0,0,0,0,0,0,0,0,0,0,0,0,0,0,0,0,0,0,0,0,0,0,0,0,0,0,0,0,0,0,0,0,0,0,0,0,0,0,0,0,0,0,0,0,0,0,0,0,0,0,0,0,0,0,0,0,0,0,0,0,0,0,0,0,0,0,0,0,0,0,0,0,0,0,0,0,0,0,0,0,0,0,0,0,0,0,0,0,0,0,0,0,0,0,0,0,0,0,0,0,0,0,0,0,0,0,0,0,0,0,0,0,0,0,0,0,0,0,0,0,0,0,0,0,0,0,0,0,0,0,0,0,0,0,0,0,0,0,0,0,0,0,0,0,0,0,0,0,0,0,0,0,0,0,0,0,0,0,0,0,0,0,0,0,0,0,0,0,0,0,0,0,0,0,0,0,0,0,0,0,0,0,0,0,0,0,0,0,0,0,0,0,0,0,0,0,0,0,0,0,0,0,0,0,0,0,0,0,0,0,0,0,0,0,0,0,0,0,0,0,0,0,0,0,0,0,0,0,0,0,0,0,0,0,0,0,0,0,0,0,0,0,0,0,0,0,0,0,0,0,0,0,0,0,0,0,0,0,0,0,0,0,0,0,0,0,0,0,0,0,0,0,0,0,0,0,0,0,0,0,0,0,0,0,0,0,0,0,0,0,0,0,0,0,0,0,0,0,0,0,0,0,0,0,0,0,0,0,0,0,0,0,0,0,0,0,0,0,0,0,0,0,0,0,0,0,0,0,0,0,0,0,0,0,0,0,0,0,0,0,0,0,0,0,0,0,0,0,0,0,0,0,0,0,0,0,0,0,0,0,0,0,0,0,0,0,0,0,0,0,0,0,0,0,0,0,0,0,0,0,0,0,0,0,0,0,0,0,0,0,0,0,0,0,0,0,0,0,0,0,0,0,0,0,0,0,0,0,0,0,0,0,0,0,0,0,0,0,0,0,0,0,0,0,0,0,0,0,0,0,0,0,0,0,0,0,0,0,0,0,0,0,0,0,0,0,0,0,0,0,0,0,0,0,0,0,0,0,0,0,0,0,0,0,0,0,0,0,0,0,0,0,0,0,0,0,0,0,0,0,0,0,0,0,0,0,0,0,0,0,0,0,0,0,0,0,0,0,0,0,0,0,0,0,0,0,0,0,0,0,0,0,0,0,0,0,0,0,0,0,0,0,0,0,0,0,0,0,0,0,0,0,0,0,0,0,0,0,0,0,0,0,0,0,0,0,0,0,0,0,0,0,0,0,0,0,0,0,0,0,0,0,0,0,0,0,0,0,0,0,0,0,0,0,0,0,0,0,0,0,0,0,0,0,0,0,0,0,0,0,0,0,0,0,274.0
